# data/nnue_loop5\it01/positions.csv : sortie brute du réseau pour les 2000 premières lignes
0.129472
-0.085533
0.079835
-0.064879
0.092580
-0.111474
0.177088
-0.167217
0.228906
0.089345
-0.086549
0.121791
-0.108294
0.178424
-0.035544
0.121708
-0.027670
0.061381
-0.025317
0.274034
0.170927
0.489771
-0.289490
1.943113
-0.091361
0.116180
-0.106974
0.129466
-0.059356
0.132961
-0.101035
0.138480
-0.094424
0.136791
-0.102349
0.118331
0.059589
0.199745
0.015013
0.784167
0.036165
0.066129
0.022082
-0.090078
0.092150
-0.096274
0.132304
-0.085636
0.140297
0.074076
0.119036
-0.049618
0.157365
-0.087565
0.199530
-0.058138
0.032350
-0.028115
0.749230
-0.181076
1.160714
0.105921
-0.118856
0.115535
-0.095938
0.134520
-0.145719
0.112463
-0.186881
0.244465
-0.176683
0.142244
0.501103
0.027834
1.022125
-0.095578
0.142881
-0.143433
0.263445
-0.122559
0.147425
-0.116157
0.585286
-0.418809
0.744199
-0.116191
0.382073
0.077245
-0.008143
0.312448
0.051805
-0.000218
-0.089253
0.093471
-0.086953
0.112664
-0.061471
0.235442
-0.142677
0.250325
-0.285792
0.456660
-0.372206
0.263619
-0.229494
0.249973
-0.160647
0.235470
0.053183
0.545610
0.001447
0.104023
-0.111375
0.138254
-0.083562
0.191541
-0.078824
0.245556
-0.318878
0.592350
-0.295075
3.347198
0.093941
-0.092818
0.107266
-0.104461
0.160611
-0.095112
0.175514
-0.154821
0.212078
-0.105729
0.150842
0.041523
0.046494
0.372199
1.945763
0.098641
-0.086219
0.111451
-0.083742
0.136861
-0.090234
0.131373
-0.032011
0.109585
-0.046178
0.014781
0.534437
-0.230551
2.810859
0.214241
-0.179786
0.359746
0.061231
0.094210
-0.095937
0.133310
-0.092604
0.142025
-0.088460
0.129987
-0.039540
0.281738
0.100955
-0.078457
0.314697
0.089905
0.015563
0.409045
0.161574
0.023851
0.082924
0.104056
-0.098231
0.118019
-0.086550
0.201430
-0.126351
0.035016
0.048673
0.135964
0.068250
0.047612
0.012556
0.101351
-0.000088
0.139651
0.054805
0.076338
0.270197
0.108623
-0.098210
0.117693
-0.110487
0.103853
-0.079492
0.076259
-0.111078
0.063346
0.128969
-0.030373
0.242942
-0.070040
0.572114
-0.061919
0.543490
-0.045724
0.073221
0.095045
-0.092311
0.104517
-0.069398
0.147584
-0.170539
0.228457
-0.289834
0.287825
-0.440973
0.283277
-0.208938
0.206325
0.013908
0.223855
0.004299
0.168207
0.041603
0.091346
-0.091192
0.127667
-0.082874
0.411007
-0.198770
0.351676
-0.181978
0.345127
-0.062834
0.127455
0.033848
-0.077788
-0.303817
0.504584
-0.194361
0.038784
0.082189
-0.085647
0.108530
-0.102529
0.127203
-0.099391
0.431283
-0.237626
0.230885
-0.160851
0.216411
-0.163662
0.116399
-0.123308
0.228636
-0.140320
0.486579
-0.071114
0.044324
0.051238
0.094605
-0.100651
0.151639
-0.112083
0.148326
-0.161606
0.204628
-0.174865
0.228789
-0.223581
0.213178
-0.326462
0.497633
-0.065240
0.871510
0.117932
-0.112267
0.167389
-0.146695
0.617910
-0.120585
0.134330
-0.120957
0.110212
-0.068536
0.166568
-0.037465
0.416567
0.156333
0.302410
1.191169
0.125224
0.037086
0.095030
-0.078188
0.097626
-0.085677
0.140016
-0.064842
0.154431
-0.047819
0.212144
-0.078237
0.128370
0.066776
0.178496
-0.068310
0.132471
0.122619
-0.079462
0.041825
0.118014
-0.092868
0.100332
-0.081150
0.276261
-0.125328
0.937260
0.098799
-0.093135
0.088656
-0.064730
0.567360
-0.164828
0.146585
-0.086529
0.114250
0.062882
0.254280
0.437737
0.088394
-0.092506
0.136095
-0.110750
0.357503
-0.025586
0.930723
0.095813
-0.097592
0.113781
-0.100253
0.151039
-0.154624
0.220391
-0.156961
0.172694
0.075261
-0.102651
0.490549
0.100359
0.744109
-0.844335
0.107543
-0.088255
0.092913
-0.052851
0.168510
-0.143073
0.593114
-0.076921
0.124172
0.056709
0.926303
0.088427
-0.066748
0.089230
-0.077285
0.106598
0.443834
-0.070572
0.097476
0.137881
0.019071
0.226052
-0.221020
0.296804
0.081114
0.092965
-0.074751
0.057066
-0.075886
0.106458
-0.027343
0.095179
-0.042816
0.053598
0.154591
0.074234
0.445378
0.307408
0.808932
-0.292162
0.174865
0.075127
0.036109
0.093414
-0.095054
0.140770
-0.137329
0.913970
0.095548
-0.097962
0.136031
-0.022319
0.090277
-0.021729
0.077558
0.050709
0.077429
0.054488
0.036557
0.130892
0.205709
0.442896
-0.249731
0.886334
-0.394169
0.703199
0.123637
-0.105456
0.145452
-0.093194
0.118271
-0.065130
0.126183
0.025792
0.053678
-0.030055
0.102371
-0.124745
0.099872
0.132903
1.047058
0.104645
-0.102238
0.127616
-0.069494
0.115962
-0.020310
0.093250
-0.112130
0.200448
0.012223
0.107020
1.441692
0.089494
-0.103539
0.092384
-0.117500
0.522533
-0.181229
0.194365
-0.161574
0.118346
-0.187535
0.130446
-0.066598
0.357630
-0.090815
0.391193
0.045444
0.378918
-0.005275
0.101505
-0.080166
0.096166
-0.094748
0.073975
-0.112181
0.184545
-0.115600
0.191456
0.060294
0.347053
-0.047093
0.348190
0.053121
0.435153
-0.519019
0.288479
-0.036058
0.083218
-0.090019
0.091711
-0.067649
0.143657
-0.093228
0.222572
-0.288118
0.159539
-0.177437
0.595298
0.101208
-0.096957
0.108846
-0.102221
0.075089
-0.077966
0.141197
-0.122307
0.217568
0.018509
0.347057
-0.191139
0.249150
-0.125636
0.573389
-0.090363
0.064639
0.085842
0.105244
-0.092087
0.129000
-0.113041
0.236439
-0.132188
0.298665
-0.082659
0.213995
-0.106081
0.131842
-0.007091
0.059433
0.369355
0.194706
0.532666
0.287168
0.024713
0.098028
-0.092151
0.103698
-0.083060
0.289732
0.099487
-0.096584
0.144171
-0.108990
0.160954
-0.222056
0.598801
-0.222044
0.318077
-0.196017
2.775553
0.105795
-0.090623
0.089512
-0.032990
0.081005
-0.178393
0.173682
-0.158241
0.218125
-0.145708
0.363471
-0.341810
2.555289
0.102512
-0.103569
0.152880
-0.157348
0.191554
-0.151915
0.232721
-0.174151
0.218209
-0.154666
0.281805
-0.039057
0.223262
-0.107238
1.317863
-0.332064
0.233011
-0.127364
0.083041
-0.098418
0.146236
-0.107645
0.171134
-0.144908
0.180517
-0.126294
0.143864
-0.071310
0.040355
0.103624
-0.059735
0.227721
-0.029534
0.436934
0.004441
0.152643
0.093908
-0.096872
0.113161
-0.099472
0.277252
-0.121341
0.203933
-0.037958
0.172197
-0.220173
0.209832
0.036624
0.339590
0.287693
0.100508
-0.088986
0.115206
-0.106638
0.153398
-0.084347
0.186090
-0.144529
0.281807
-0.073050
0.115172
-0.006302
0.638809
-0.004947
0.703644
-0.256812
0.094897
0.033105
0.089192
-0.075513
0.070171
-0.079286
0.120409
-0.128462
0.232012
-0.104780
0.661634
-0.194942
0.207408
-0.214224
0.189341
0.218685
-0.094769
0.032814
-0.216299
0.108960
0.089640
-0.073155
0.113663
-0.097348
0.126964
-0.020054
0.118563
-0.078066
0.352841
0.793903
0.547054
0.092686
-0.096409
0.096409
-0.092036
0.207108
0.004813
0.465601
0.092895
-0.092110
0.117725
-0.095030
0.144961
-0.152899
0.182500
-0.225949
0.284279
0.009214
0.063213
0.136589
0.201144
0.045338
-0.016881
0.008678
0.017743
-0.010749
0.103715
-0.080775
0.068820
-0.063518
0.123644
-0.135848
0.124525
-0.100672
0.112157
-0.097017
0.057179
-0.073711
0.094319
-0.095750
0.197860
0.138374
0.040448
-0.000603
0.103530
-0.089029
0.154815
-0.082074
0.122610
-0.089361
0.116825
-0.087593
0.034694
-0.034156
0.040988
0.106895
-0.080951
0.011946
0.387073
0.029084
0.018459
0.022882
-0.089163
0.118352
-0.106466
0.314323
-0.082147
0.196941
-0.159216
0.509985
-0.152238
0.100956
-0.128679
0.136843
0.177903
0.010727
0.112941
0.040178
0.230308
0.099984
-0.072873
0.100411
-0.087171
0.063191
-0.060244
0.117519
0.028314
0.091748
-0.129576
0.081492
-0.108451
0.031107
0.057386
0.017300
0.340163
0.105589
0.062142
0.091876
-0.087200
0.106575
-0.110376
0.201452
-0.124054
0.109089
-0.124205
0.065778
0.040888
0.105491
-0.025410
-0.124298
-0.031688
0.500836
-0.080535
0.199357
0.097822
-0.091066
0.130532
-0.047701
0.091337
0.154844
0.071071
0.049251
0.030403
0.108757
0.020869
0.119961
-0.104488
0.278564
-0.089849
0.247276
1.649019
0.105242
-0.076548
0.083292
-0.107756
0.346812
-0.146292
0.278349
-0.172332
0.160345
-0.208985
0.188026
-0.200697
0.162968
-0.140899
0.199947
0.424549
-0.048796
0.964961
0.082039
-0.089128
0.124890
-0.076638
0.149800
-0.145821
0.208497
-0.098146
0.033152
0.064893
0.092729
-0.012506
0.198156
0.039315
0.147682
-0.042555
-0.019623
0.023226
-0.088238
0.103678
-0.059436
0.137275
0.251917
0.174885
-0.100276
0.179443
-0.197489
0.264150
-0.153918
0.333948
-0.325755
1.021630
-0.582215
0.246438
0.093256
-0.087697
0.084959
-0.089085
0.130810
-0.081821
0.099357
-0.132391
0.227683
0.236775
0.105064
-0.093465
0.121009
-0.086194
0.140595
-0.158947
0.209612
-0.161679
0.740547
0.104364
-0.098159
0.145500
-0.090021
0.160095
-0.183051
0.178034
-0.164623
0.183533
-0.170442
0.195921
-0.164928
0.232192
-0.016660
0.326906
-0.134819
0.024796
-0.119465
0.103906
-0.090697
0.091912
-0.095023
0.124004
-0.051441
0.109829
-0.105183
0.095818
0.099384
0.178883
0.772538
-0.284862
0.687848
0.010291
0.754357
-0.012300
0.397284
-0.083599
0.126823
-0.077198
0.109039
-0.128821
0.183939
-0.141197
0.223950
-0.180278
0.325054
-0.127896
0.540376
-0.195639
1.205771
-0.094263
0.016948
0.055761
-0.088098
0.096261
-0.072060
0.198295
-0.103319
0.095949
-0.007616
0.125773
0.030122
-0.020699
-0.078470
0.052974
0.182746
-0.042375
0.198825
0.012386
-0.034771
-0.085566
0.133939
-0.084424
0.338662
-0.086484
0.191971
-0.056344
0.137121
0.099822
0.001306
0.190765
0.034241
0.187291
-0.011925
0.807918
-0.081940
0.112521
-0.071437
0.136953
-0.099319
0.107128
-0.124600
0.067864
-0.037697
0.149234
-0.120192
1.135060
-0.310585
0.259086
0.106594
-0.086785
0.090605
-0.095783
0.153546
-0.135554
0.172520
-0.133670
0.319543
1.247487
0.087636
-0.094261
0.106648
-0.103000
0.174850
-0.086072
0.593987
-0.179083
0.338653
-0.122448
0.227042
-0.415009
2.280885
-1.207258
2.157919
-0.089350
0.109019
-0.107617
0.158556
-0.137505
0.137957
-0.130211
0.175096
-0.090060
0.289121
-0.065039
0.226109
1.415827
0.090435
-0.083959
0.085509
-0.098846
0.169254
-0.097908
0.143952
-0.119369
0.240764
-0.014834
0.409834
-0.243515
0.745094
-0.116770
1.115399
-0.365119
-0.011391
0.098662
-0.097210
0.131941
-0.118974
0.183823
-0.151453
0.163192
-0.098296
0.069982
0.029162
0.031838
0.699826
-0.455441
1.008998
0.098908
-0.086829
0.124485
-0.080071
0.129334
0.278208
0.081628
-0.104670
0.417483
-0.293161
0.559535
-0.150431
0.318741
-0.198054
1.314855
-0.222346
0.469123
0.093918
-0.094331
0.090991
-0.074407
0.193616
-0.064422
0.291539
-0.252323
0.261297
-0.383829
0.400643
-0.195752
0.134960
-0.000735
0.650909
0.181795
0.075377
-0.032218
0.102536
-0.099285
0.154592
-0.131597
0.300037
-0.143614
0.114836
-0.035505
0.041287
-0.122889
0.212954
-0.060586
0.244194
-0.324685
0.462940
-0.037709
0.496592
-0.003265
-0.093663
0.128335
-0.081660
0.151428
-0.052117
0.110829
-0.062954
0.064063
-0.002226
0.014780
0.244255
0.102820
0.159678
-0.248736
0.848387
-0.410154
0.215750
-0.101263
0.096778
-0.107334
0.120853
-0.132501
1.847690
-0.091161
0.125874
-0.098153
0.165343
-0.173434
0.163226
-0.088027
0.143187
-0.111503
0.112897
0.063281
0.105795
-0.020271
0.567300
-0.379665
1.094921
0.028673
0.119019
-0.109633
0.103503
-0.111322
0.163902
-0.055192
0.063959
-0.097147
0.210067
-0.241043
0.144131
-0.247994
0.190687
-0.053545
1.067298
0.314471
0.102981
-0.070219
0.160990
-0.076284
1.190365
0.036114
0.984757
0.102630
-0.090432
0.087987
-0.059442
0.130042
0.004926
-0.037639
0.183107
0.119409
-0.055859
0.059229
0.003922
-0.108566
0.176839
-0.167666
0.440228
-0.097771
0.112642
-0.092827
0.155983
-0.142501
0.366862
-0.220830
0.274276
-0.236477
0.360697
-0.212165
0.788573
-0.218197
0.692590
0.213289
-0.329184
1.967142
0.127275
-0.089395
0.117371
-0.086170
0.276555
0.045370
0.561202
0.106285
-0.098866
0.111186
-0.099327
0.165858
-0.115076
0.165199
-0.202291
0.244052
-0.218238
0.354089
-0.344869
0.914286
-0.807006
1.446273
-0.388190
0.447675
-0.012611
-0.086534
0.122190
-0.079671
0.126199
-0.137737
0.236951
-0.240118
0.285662
-0.159087
0.395266
0.294190
0.294710
1.038478
-0.356578
0.545211
-0.229338
0.187859
0.097576
-0.096512
0.103332
-0.132846
0.159370
-0.126757
0.083150
-0.029101
0.217006
0.187627
0.070974
-0.012952
-0.072853
0.007287
0.107760
-0.351393
0.013283
-0.010404
-0.078963
0.116757
-0.094364
0.154322
-0.052867
0.181041
-0.067206
-0.033975
0.333294
0.005787
-0.009971
0.168944
-0.140150
-0.133272
0.107689
-0.035372
0.122428
0.098263
-0.100764
0.162269
-0.116759
0.216721
-0.060564
0.103666
-0.131273
0.175531
-0.090523
0.065131
0.044896
0.032838
0.065051
0.188381
0.212721
-0.011719
0.088068
-0.065039
0.101665
-0.103411
0.150426
-0.044492
0.184139
-0.021031
0.094894
-0.135840
0.082708
-0.224719
0.362667
-0.094645
1.360313
-0.089438
0.110915
-0.112978
0.160275
-0.149881
0.176961
-0.156196
0.913168
-0.086637
0.137829
-0.107511
0.242332
-0.019456
0.078121
-0.100724
0.137790
0.002958
-0.012768
0.428429
0.095284
0.246933
0.297986
0.566510
2.127861
0.094494
-0.074825
0.061076
-0.060432
0.030573
-0.020589
0.084902
-0.040048
0.031173
-0.015351
0.084471
0.041396
0.100509
0.066748
0.182786
-0.225275
0.714385
0.071214
0.101403
-0.092804
0.119795
-0.092583
0.291191
-0.140856
0.353653
-0.159270
0.157522
-0.036476
0.169978
-0.140898
0.212134
-0.077791
0.088822
0.227343
0.206209
0.050592
-0.082364
0.112694
-0.063695
0.135437
-0.082614
0.104119
-0.101281
0.071173
-0.065163
0.114605
-0.052141
0.658484
-0.192620
0.336844
-0.290760
0.141893
-0.042748
0.105429
-0.106356
0.114034
-0.137573
0.647397
0.090588
-0.107212
0.132471
-0.118508
0.159476
-0.114298
0.289171
0.012728
0.038350
0.396389
-0.672415
1.218944
0.089703
-0.100308
0.131692
-0.091804
0.144864
-0.074427
0.079037
-0.126504
0.059420
-0.025205
0.015516
-0.080715
0.072032
0.073235
-0.041160
0.929443
-0.013537
-0.030148
0.136209
-0.093503
0.142273
-0.122981
0.169656
-0.142323
0.150211
-0.133724
0.137190
0.572371
0.479333
-0.177243
0.318345
0.840527
0.107100
-0.099803
0.107204
-0.097010
0.122574
-0.065158
0.201979
-0.225953
0.406925
-0.321820
0.227575
-0.461814
0.301199
-0.097057
0.434128
-0.249623
0.009828
0.020532
0.104888
-0.101600
0.159068
-0.084140
0.468645
-0.126183
0.207207
-0.272746
0.251583
-0.191750
0.248302
0.102450
0.100184
-0.100626
0.128067
-0.086873
0.136077
0.232241
0.094569
-0.053778
0.048995
-0.050205
0.123562
-0.153786
0.193323
-0.075443
0.105374
0.019781
0.599366
-0.028172
0.105957
-0.096484
0.121671
-0.098535
0.147040
-0.131106
0.139717
-0.107807
0.198822
-0.111728
0.545287
-0.034121
0.255427
-0.323939
0.606697
-0.251647
0.550619
0.015712
0.097906
-0.095098
0.096591
-0.079442
0.147277
-0.097236
0.125144
0.120801
0.135720
-0.113018
0.117633
-0.062589
0.274157
-0.303723
0.593440
-0.490096
0.395368
-0.104276
0.095650
-0.128899
0.156779
-0.155646
0.241086
-0.144431
0.297504
-0.366877
1.226012
-0.088895
0.113990
-0.068049
0.956521
0.033532
0.096857
-0.064057
0.072905
-0.064507
0.063219
0.001878
0.128442
-0.108449
0.138669
-0.081078
0.098139
0.117755
-0.060905
0.107917
0.268328
0.144260
0.072080
0.056720
0.093760
-0.105519
0.087717
-0.101036
0.133447
-0.081494
0.194969
-0.114157
0.137492
0.013377
0.079419
-0.105512
0.436484
-0.339711
0.658162
-0.074572
0.176328
0.042022
-0.089162
0.105856
-0.090728
0.285856
-0.069737
0.134032
0.151371
-0.089791
0.230897
-0.145312
0.224969
-0.170151
0.816060
0.121494
-0.093911
0.167045
-0.121707
0.205582
-0.113057
0.192234
-0.148968
1.175634
-0.218131
0.225992
-0.179711
0.151519
-0.189199
0.310897
-0.337034
-0.044231
0.180462
-0.066236
0.105380
-0.083157
0.139285
-0.111206
0.174804
-0.116564
0.151808
-0.009120
0.062756
-0.032854
0.355154
0.068077
0.243295
0.263267
-0.002265
0.091133
-0.068632
0.093327
-0.069188
0.152107
-0.060236
0.234124
-0.330598
0.922425
-0.269769
0.223890
-0.173777
0.415577
-0.076916
1.080710
-0.113434
-0.037148
-0.172886
0.102399
-0.089092
0.101936
-0.096939
0.169390
-0.004793
0.058025
0.019260
0.101113
0.035863
-0.021326
-0.025242
0.140734
-0.005742
0.347560
-0.011415
-0.036798
0.151091
-0.070520
0.091639
-0.072747
0.077454
-0.057611
0.044557
-0.044235
0.132462
0.013825
0.191027
-0.124720
0.143148
0.089501
0.157562
1.378428
0.093543
-0.099482
0.131897
-0.112338
0.165196
-0.130444
0.168667
-0.106305
0.233749
-0.054914
0.454890
-0.210232
0.678257
-0.409302
0.496964
0.177070
0.135874
0.105688
-0.089864
0.122442
-0.095983
0.239279
-0.162323
0.166030
-0.098021
0.111839
-0.089859
0.222792
-0.038084
0.250213
-0.123450
0.173238
0.208515
0.113715
-0.091229
0.147053
-0.106237
0.385403
-0.127781
1.114136
0.098127
-0.092791
0.135637
-0.116965
0.261163
-0.194335
0.280380
-0.248501
0.567849
-0.364139
0.611521
-0.362616
0.446175
-0.078844
0.326163
-0.106352
1.702413
0.099950
-0.088779
0.105106
-0.089940
0.143569
-0.161932
0.108021
-0.155203
0.154596
-0.217918
0.311416
-0.302690
0.329471
-0.306367
0.939229
-0.582758
0.509595
-0.089686
0.100279
-0.122458
0.145382
-0.126899
0.151065
-0.107696
0.104846
-0.122142
0.189276
-0.006607
0.402353
0.095344
0.084167
0.167169
0.293701
-0.031057
0.094139
-0.093967
0.111186
-0.104957
0.184928
-0.164660
0.156873
-0.129361
0.177175
-0.084726
0.203076
-0.217355
0.425700
-0.099863
0.452505
0.230964
0.329887
-0.086834
0.116208
-0.106012
0.187384
-0.087992
0.157290
-0.096464
0.135517
-0.031697
0.102381
0.089834
0.028259
0.399057
-0.259724
0.164061
0.028151
0.068470
-0.101489
0.118764
-0.060319
0.118310
-0.090355
0.090613
-0.166961
0.201375
-0.147906
0.246823
-0.088047
0.173671
0.165994
0.102766
-0.071969
0.139211
-0.127339
0.224558
-0.177439
0.244344
-0.242751
0.223702
-0.246456
0.296828
-0.154941
3.303566
0.102806
-0.095839
0.134268
-0.081589
0.165685
0.047982
0.054660
-0.041711
-0.002158
-0.133132
0.058664
0.062074
-0.049762
0.405568
0.250200
-0.089791
0.140204
-0.096864
0.160847
-0.058964
0.100524
-0.086424
0.182158
-0.080738
0.349817
0.107608
-0.093833
0.077603
-0.109965
0.123607
-0.164416
0.206472
-0.140327
0.250863
-0.175864
0.420943
-0.245176
1.357901
-0.514007
1.391068
-0.085945
0.130543
-0.087394
0.193465
-0.142284
0.108214
-0.072499
0.006860
0.067572
0.043505
0.004856
0.168929
0.016020
0.122492
1.103190
0.061309
0.048412
0.095550
-0.089001
0.120966
-0.119716
0.178817
-0.134097
0.199378
-0.150731
0.060351
0.150051
0.090945
-0.045012
0.128703
0.152282
0.178665
0.028588
0.113411
0.090039
-0.085284
0.099372
-0.101330
0.172921
-0.110946
0.140166
-0.081088
0.085757
-0.136927
0.217045
-0.135555
0.116083
0.382279
0.032714
0.372963
-0.037251
-0.068084
-0.110384
0.165035
-0.131466
0.701696
-0.222930
1.266089
0.118792
-0.105139
0.120740
-0.107070
0.194412
-0.163425
0.208632
-0.174664
0.195130
-0.082818
0.332827
-0.145257
0.075347
-0.055435
0.128091
0.359035
-0.090174
0.123371
0.093902
-0.110500
0.098825
-0.102074
0.132486
-0.121433
0.166893
-0.158080
0.217280
-0.228441
0.187216
-0.096359
0.405499
0.221652
0.174942
0.010544
0.712068
-0.100449
0.110576
-0.106179
0.168147
-0.097445
0.129207
-0.125384
0.182639
-0.223940
0.222924
0.013437
0.270237
-0.678116
0.576976
-0.100178
0.179689
-0.142547
0.236419
-0.189286
0.620880
-0.322997
1.214668
-0.535862
1.420204
-0.660518
1.786326
-0.323408
1.252772
-0.373262
1.200156
0.093043
-0.090461
0.099719
-0.043937
0.084694
0.209437
0.412495
-0.105736
0.114596
-0.098687
0.303974
-0.152866
0.163268
-0.087799
0.056332
-0.117373
0.163320
0.054661
0.043596
0.127126
0.108097
0.023642
0.095325
-0.007073
-0.095612
0.125301
-0.126259
0.182392
-0.120510
0.173768
-0.118225
0.138428
-0.205322
0.259633
-0.265027
0.588731
-0.159259
0.427396
-0.085811
1.638718
-0.098217
0.142062
-0.133914
