# data/loop\it01/positions.csv : sortie brute du réseau pour les 2000 premières lignes
0.035540
-0.038216
0.087434
-0.031635
0.080203
-0.046103
0.132478
-0.024584
0.079851
-0.033327
0.094618
-0.043328
0.076347
0.144598
-0.026533
0.087193
-0.023080
0.076476
-0.013237
0.141526
-0.040339
0.063254
-0.065934
1.036903
0.088098
-0.018437
0.145413
-0.046422
0.672239
-0.049760
0.050605
-0.021767
0.124914
-0.044395
1.261824
0.080682
-0.038248
0.073687
-0.017818
0.084139
-0.022147
0.135588
-0.002487
0.043716
-0.158676
0.368942
-0.024788
0.083250
-0.020063
0.077828
-0.029908
0.059544
-0.041443
0.144379
-0.048782
0.126076
-0.112011
0.040252
-0.050343
0.151915
-0.083306
0.086110
-0.014973
0.066266
0.084323
-0.026861
0.088819
-0.074586
0.208005
-0.052807
0.061673
-0.004101
0.052755
0.085164
0.062537
-0.174432
2.747696
-0.027320
0.072768
-0.034172
0.091822
-0.033316
0.080952
0.021551
0.137193
-0.056641
0.341042
-0.090038
-0.052245
0.033410
0.199068
-0.033061
0.021456
0.284159
-0.107357
0.055659
0.066396
-0.027756
0.113396
-0.051385
0.086473
-0.072176
0.130761
-0.049571
0.482885
-0.121549
0.126623
0.028943
0.179744
-0.229191
0.550705
0.157995
-0.035512
0.081656
-0.039660
0.101788
-0.026128
0.093981
-0.050956
0.055975
0.002319
0.115777
-0.080752
0.479017
-0.218883
0.508377
-0.200872
0.387760
0.695658
-0.123068
1.214647
0.066771
-0.025351
0.073389
-0.027375
0.101228
-0.067873
0.129945
0.011662
0.071047
0.431526
-0.614641
1.156732
0.090394
-0.011134
0.081406
-0.050886
0.098164
-0.046625
0.503778
0.090722
-0.016857
0.064811
-0.047115
0.230276
-0.089905
0.243547
-0.199113
0.300160
-0.083504
0.208343
0.039242
0.327642
-0.410914
0.782416
-0.161096
0.059613
0.036809
0.060220
-0.038857
0.085173
-0.045467
0.104768
-0.034797
0.085255
-0.069918
0.087157
-0.008740
0.204951
0.031622
0.140843
0.009582
-0.052860
0.201125
0.095169
-0.000094
0.080468
-0.050269
0.115075
-0.031945
0.092444
-0.041017
0.153848
-0.127954
0.102852
0.023276
0.090988
0.571827
0.062815
0.562882
0.083557
-0.021366
0.085668
-0.029018
0.076869
-0.015607
0.161515
-0.076488
0.117530
-0.120689
0.521725
-0.099956
0.299945
0.053792
0.668550
0.869006
1.075743
0.078929
-0.034930
0.121172
-0.053354
0.179470
-0.038775
0.146304
-0.109710
0.222184
-0.058588
0.393783
-0.186581
-0.302309
0.523506
1.456070
0.061151
-0.031672
0.081756
-0.031740
0.049277
-0.049807
0.068828
0.032687
0.067373
-0.026470
0.144548
0.142679
0.203572
0.542828
0.311150
0.534425
-0.057573
0.775997
0.079183
-0.030224
0.088139
-0.035117
0.074747
-0.013610
0.062070
-0.030661
0.060872
-0.102623
0.541917
0.330613
0.798465
-0.328259
0.678626
0.075781
-0.028238
0.080859
-0.007920
0.069843
-0.003402
0.152507
0.016602
0.553048
0.117923
0.101661
0.599167
0.135871
-0.009298
-0.017640
0.992170
0.096233
-0.028631
0.106830
-0.033657
0.107071
-0.042647
0.038077
-0.041820
0.034501
0.015674
0.106395
0.466535
0.695296
-0.173840
0.820380
0.066479
0.973218
-0.011006
0.072982
-0.005425
0.083772
-0.007119
0.088711
-0.024073
0.097650
-0.015474
0.041963
-0.022879
0.379585
-0.259107
0.791506
-0.295536
0.591183
0.178106
0.040978
0.128680
0.097060
-0.044733
0.116653
-0.028849
0.071183
-0.048217
0.139338
-0.009637
-0.024042
0.211467
0.344696
-0.040000
0.012004
0.079476
0.698066
-0.144737
0.078357
-0.206565
0.081087
-0.043454
0.090455
-0.038055
0.257416
-0.004369
0.178970
-0.052784
0.046121
0.302206
0.079503
0.144950
0.119350
-0.269430
0.828467
0.153994
1.026370
0.064591
-0.031313
0.115130
-0.048872
0.118020
-0.055296
0.114187
-0.078473
0.060677
-0.068562
0.580786
-0.167895
0.847999
-0.071156
0.077485
-0.036349
0.087512
-0.050810
0.111315
-0.009364
0.106572
-0.062475
0.176572
-0.154252
0.293257
-0.219684
0.472690
-0.205605
1.084308
-0.155222
-0.096277
0.057239
0.075204
-0.032781
0.109431
-0.018042
0.255028
0.033823
0.001106
-0.039065
0.070175
-0.027631
0.045143
0.273068
-0.112444
0.866916
-0.813245
1.321412
0.081247
0.065884
-0.037333
0.172958
-0.052768
0.501383
-0.058394
0.135984
-0.052084
0.295386
-0.086070
0.456746
-0.174231
0.139317
1.952904
0.082721
-0.035284
0.075148
-0.005510
0.049038
-0.067600
0.060329
0.003848
0.139889
-0.068493
0.078556
0.178097
0.310497
0.477806
1.054552
0.587851
-0.123901
0.154300
0.072263
-0.019365
0.100057
-0.069213
0.103907
-0.047473
0.126147
0.129056
-0.019314
0.272711
0.058825
-0.012200
0.162502
0.329821
0.499520
-0.175365
-0.030642
0.002903
0.079368
-0.037648
0.083626
0.000966
0.074022
-0.010461
0.194927
-0.058163
0.230194
-0.063158
0.029634
-0.131747
0.040814
0.465141
-0.046988
3.190567
0.083343
-0.000720
0.077768
-0.016435
0.063549
-0.046196
0.122807
-0.005190
0.754807
-0.112572
0.122636
0.348967
0.605861
-0.421060
0.817976
0.057012
0.009687
-0.029450
0.109932
-0.059258
0.095728
-0.026181
0.097933
0.000167
0.213416
-0.033936
0.307181
0.017688
0.009952
0.036075
0.354654
0.236985
0.454776
0.059956
-0.015688
0.099531
-0.024704
0.064276
-0.053260
0.100814
-0.027693
0.213593
-0.038496
0.441782
-0.236603
0.881222
-0.333799
0.650279
-0.334009
1.548837
0.070227
-0.041582
0.085406
-0.025207
0.092582
0.007941
0.125837
0.021310
0.046185
-0.057635
0.656856
-0.138578
0.369038
0.059856
-0.025049
0.084750
-0.040511
0.080222
-0.057524
0.189404
-0.100445
0.839024
-0.359760
0.756887
-0.449916
2.423627
0.071589
-0.029502
0.076695
-0.018968
0.070375
-0.016490
0.045490
0.014033
0.331399
-0.681043
2.045161
0.075318
-0.019617
0.054171
-0.009983
0.051413
-0.048360
0.077789
-0.039291
0.110665
-0.130851
0.007465
0.090884
0.352000
-0.086992
0.437131
0.430972
0.080722
-0.034952
0.096408
-0.011831
0.109875
0.000440
0.018357
-0.073550
0.600060
-0.002396
0.176251
0.821794
0.016479
1.397171
-0.307304
1.121900
-0.176075
0.001618
0.075005
-0.033161
0.062893
-0.039516
0.089756
-0.039929
0.079561
-0.028219
0.021397
-0.035088
0.219212
-0.024865
0.443522
-0.201373
1.012694
0.083430
-0.016273
-0.132143
-0.032423
0.081031
-0.042208
0.132052
0.012239
0.064922
0.003658
0.203083
0.036626
0.705247
-0.859675
1.366193
0.072085
-0.056988
0.157052
-0.035369
0.087193
-0.040456
0.180802
-0.055598
0.078555
0.087132
0.127967
-0.042245
0.064944
0.338508
0.008942
0.671387
-0.404303
0.297809
0.065755
-0.025585
0.076536
-0.041523
0.080293
-0.029971
0.092016
-0.036072
0.034199
0.067770
0.187814
0.111316
0.068786
0.183349
0.218388
0.026572
0.044273
-0.004818
0.065845
-0.015081
0.056654
-0.053736
0.137969
-0.040635
0.120004
-0.029374
0.147595
-0.077450
0.181169
-0.126319
0.363369
-0.078183
0.454905
0.381588
-0.004170
0.069053
-0.025862
0.080586
-0.044914
0.063203
-0.070391
0.114419
-0.076511
0.263672
-0.046558
0.837186
0.070827
-0.029714
0.052548
-0.025000
0.041284
-0.054399
0.220687
-0.132273
0.132582
-0.094270
0.281498
0.156250
2.506731
0.078686
-0.031922
0.073167
-0.031617
0.097171
-0.034357
0.890318
0.068230
-0.029242
0.086530
-0.020677
0.108599
-0.039319
0.096594
-0.030432
0.386470
-0.086463
0.593277
-0.093060
0.732334
-0.141451
0.403690
0.018091
-0.065329
0.078994
-0.027822
0.040279
0.051277
0.037697
-0.028799
0.141194
-0.125690
0.637154
-0.123312
0.228235
0.204604
0.094156
0.346850
0.287020
0.035866
0.197727
0.462162
0.069871
-0.033630
0.095241
-0.043349
0.076955
-0.026280
0.197727
0.013372
0.077665
-0.021080
0.099605
-0.020068
0.109703
-0.020803
0.073958
0.003242
0.118599
-0.083223
0.145747
-0.116643
0.602775
-0.085049
0.039482
0.246153
0.058006
0.026905
0.082378
-0.030001
0.085496
-0.034047
0.114849
-0.005225
0.653459
0.075220
-0.031305
0.061006
-0.047310
0.037439
-0.019654
0.106214
-0.062560
0.374991
-0.113813
0.681673
-0.182886
1.805254
0.095208
-0.017272
0.083395
-0.000861
0.097675
-0.056201
0.123388
-0.101030
0.099521
-0.119665
0.099351
-0.154999
0.140430
0.012130
-0.005326
0.003280
0.003474
0.021523
-0.007887
0.083605
-0.030596
0.177377
-0.048868
0.496821
-0.143781
0.653032
0.012136
0.279067
0.308161
0.637052
0.069028
0.487044
0.077773
0.581740
-0.512767
0.077946
-0.037499
0.068622
0.012796
0.082038
-0.042742
0.163143
-0.064580
0.103699
-0.038743
0.080177
-0.147523
0.675530
0.066709
-0.026589
0.092423
-0.025049
0.116523
0.032814
0.081431
-0.054401
0.158155
-0.114540
0.271578
-0.044317
0.738680
-0.017023
-0.035105
0.298411
0.354174
-0.027823
0.076246
-0.026328
0.166907
-0.072807
0.091829
-0.001133
0.117508
0.045115
0.825731
-0.226716
0.828671
-0.218066
0.853520
-0.412085
0.028362
0.082478
-0.040213
0.083588
-0.021798
0.076975
-0.026448
0.119350
-0.024145
0.102720
-0.031513
0.182212
-0.122766
0.285236
0.068414
-0.315672
2.098295
0.074356
-0.031882
0.092270
-0.037401
0.112205
-0.053308
0.147524
-0.040120
0.187305
-0.123697
0.265818
0.088790
0.195240
0.151767
0.139557
0.264236
-0.104891
0.216622
0.092116
-0.021784
0.084465
-0.027934
0.087963
-0.032820
0.045725
-0.087137
0.142554
-0.093465
0.457960
-0.078858
0.454044
-0.128211
0.881608
-0.145860
-0.015520
0.024581
0.073440
-0.038159
0.090300
-0.002164
0.091391
-0.013316
0.094242
0.151091
0.070324
0.602987
0.050565
0.854647
-0.083637
0.093980
1.346547
0.097795
-0.023152
0.118110
-0.056070
0.360811
-0.053929
0.397152
-0.108954
0.142767
-0.182239
0.202097
-0.087342
0.450167
0.013987
0.428638
0.042837
0.125038
-0.141925
0.071451
-0.022139
0.075595
-0.032506
0.074173
0.027147
0.022270
0.053987
0.026151
-0.049371
-0.030753
-0.231269
0.326478
0.204449
0.644501
0.147579
0.262331
0.077716
-0.038194
0.087500
-0.052382
0.107840
-0.025821
0.076525
0.032784
0.027299
0.033780
0.074639
0.487624
0.131670
0.030732
0.386430
-0.197857
0.051377
0.082123
0.084375
-0.032656
0.095642
-0.052120
0.095158
-0.048602
0.358943
-0.043720
0.229469
-0.084997
0.488075
-0.125994
0.360640
0.057197
0.844339
0.577624
0.186844
0.134654
-0.020942
0.087060
-0.041197
0.062388
-0.039963
0.074488
0.023781
0.107913
-0.170890
0.772550
-0.180861
1.711588
-0.023071
0.086389
-0.042149
0.097439
0.002299
0.076057
-0.039228
0.057269
0.335339
-0.090178
0.152561
-0.133768
0.214663
0.087934
-0.126216
-0.005508
0.042206
0.068067
-0.020037
0.056373
-0.057894
0.086286
-0.047779
0.168834
0.110456
-0.076332
0.291643
-0.270445
0.347007
-0.021008
0.268983
0.183705
0.304002
-0.040868
0.110175
0.076651
-0.035492
0.097590
-0.050784
0.134694
0.011487
0.253164
0.066015
0.032650
-0.058325
0.119889
-0.138030
0.238899
-0.266366
0.776664
-0.297240
0.773327
0.079059
-0.025158
0.095334
-0.032905
0.142369
-0.017307
0.150227
0.042380
0.069358
0.367805
0.053223
0.137824
-0.007768
0.666875
-0.031347
0.232661
0.052667
0.097612
0.074312
-0.034908
0.091095
-0.025430
0.389308
-0.027603
0.129038
-0.086701
0.379497
-0.100948
0.826075
-0.146483
0.782272
0.009142
0.260568
0.222765
0.331427
0.044250
0.080542
-0.016967
0.089712
-0.037715
0.101502
-0.040646
0.098311
-0.079685
0.109704
-0.004547
0.108806
0.033014
-0.191722
0.849961
-0.535924
1.304899
0.094292
-0.011452
0.103894
-0.034696
0.079878
-0.000871
0.095179
-0.031893
0.104825
0.437616
0.164532
0.754672
-0.265304
0.744750
-0.008465
-0.120514
0.062974
-0.011665
0.045220
-0.006534
0.026329
0.410159
-0.065282
0.519621
0.023510
0.553749
0.064621
0.491730
-0.206313
0.316926
0.092971
0.992790
-0.186105
0.032780
0.092421
-0.037158
0.077705
-0.057597
0.086576
-0.080418
0.112724
-0.066805
0.137326
-0.101151
0.109620
0.312860
-0.329951
0.070440
-0.028976
0.084657
-0.042615
0.084703
-0.033121
0.119805
-0.063370
0.161764
0.016819
-0.029279
0.226095
0.816878
0.472703
0.224013
-0.311228
-0.002232
0.072419
0.075772
-0.023947
0.099186
-0.032476
0.103304
0.001152
0.042679
0.061225
0.062222
0.024108
0.236438
-0.074361
0.620014
0.156937
0.529688
0.657930
-0.126157
0.033888
0.078723
-0.023148
0.083692
-0.016572
0.131796
-0.067364
0.077205
-0.013252
0.099880
0.234682
0.071887
-0.059411
0.173951
0.000742
-0.024500
0.058499
-0.024133
0.105079
-0.049923
0.234077
-0.079091
0.090739
0.023044
0.010796
0.405114
0.207959
-0.077070
1.629146
-0.673475
0.105450
0.141200
0.082357
-0.025603
0.080693
-0.019462
0.092376
0.009550
0.121251
-0.043236
0.149224
0.047401
0.490141
-0.084497
-0.022760
0.088634
0.942100
0.323096
0.033947
0.081576
-0.007152
0.074621
0.001297
0.055408
-0.009335
0.049926
0.057118
0.088945
0.064330
0.027499
0.077825
0.097945
0.433034
0.331986
0.448943
-0.077937
0.392828
0.074946
-0.035164
0.105612
-0.047319
0.073972
-0.023439
0.024356
0.014206
0.309712
-0.142735
0.112045
-0.009052
0.372288
-0.286150
0.962705
0.620521
0.087607
-0.019243
0.061412
0.005532
0.083347
-0.045041
0.141767
-0.083003
0.236849
-0.120511
0.262333
-0.033900
0.012231
0.322537
0.743595
0.271365
0.113884
0.053958
0.075756
-0.031633
0.082145
-0.040903
0.336354
-0.064180
-0.041210
0.084016
-0.035888
0.083110
-0.015737
0.085040
0.154023
0.039814
-0.067016
0.001427
0.281107
-0.537107
2.066087
-0.049429
0.156047
0.546312
0.060207
-0.015267
0.098220
-0.055801
0.087766
0.072900
-0.032077
0.102530
-0.066009
0.110490
-0.074233
0.536047
-0.057846
0.316299
0.281850
0.764375
-0.136554
0.669584
0.394219
0.928237
-0.843230
1.308285
0.324544
0.093824
-0.047380
0.066066
-0.061944
0.147866
0.067260
-0.036742
0.089564
-0.040858
0.099603
-0.030344
0.796829
-0.029444
0.062505
-0.038086
0.066028
-0.005026
0.016114
0.074546
0.048092
0.113000
0.084664
-0.087269
0.513587
0.216818
0.253136
-0.015218
-0.007220
-0.014241
-0.039568
0.107859
-0.037527
0.037072
-0.014696
0.247779
-0.059345
0.076188
-0.048771
0.197033
0.036221
0.047733
-0.069100
0.647213
-0.210521
-0.037270
-0.065270
-0.032812
0.089400
-0.036270
0.735380
-0.038813
0.050437
-0.064976
0.116043
-0.101382
0.330092
-0.046195
0.208350
1.049412
0.034909
0.972064
0.203966
-0.059815
0.074283
-0.044594
0.122084
-0.059513
0.188217
-0.059410
0.396687
-0.036250
0.070283
-0.021544
0.056363
-0.074217
0.095605
-0.085139
0.236566
-0.165441
1.106543
-0.027157
0.083740
-0.032138
0.075908
-0.021121
0.426701
-0.011923
0.122534
-0.094188
-0.118524
-0.094911
0.775568
-0.065423
0.785448
0.494344
-0.286964
0.835270
0.100431
-0.032037
0.061018
-0.024356
0.246533
-0.036729
0.075410
-0.015436
0.043424
-0.133045
0.007056
0.238211
0.114720
0.105982
0.541229
-0.553163
0.441464
0.027582
-0.021585
0.081699
-0.029971
0.104610
-0.050493
0.105933
-0.079157
0.115085
0.005340
0.092442
0.227278
0.020716
0.466447
0.057285
0.591843
0.020313
-0.109271
0.089023
-0.026249
0.064885
-0.030648
0.101616
-0.062228
0.144469
-0.050234
0.196727
-0.087286
0.099021
0.067920
0.191448
0.287144
0.313395
0.222110
0.035174
0.089023
-0.037361
0.075642
-0.019898
0.078210
-0.031022
0.232536
0.023814
0.175619
-0.159155
0.167388
-0.017822
0.292645
-0.004722
0.389044
0.340855
-0.109253
0.266637
0.076802
-0.033064
0.101435
-0.030983
0.088505
-0.045230
0.061337
-0.127713
0.159293
-0.137713
0.353146
-0.057273
0.568294
-0.259118
0.695901
-0.049231
0.261398
-0.067814
0.068865
-0.022971
0.078081
-0.033239
0.071211
0.094361
0.068386
-0.052840
0.122981
0.284301
0.459291
-0.156139
0.556015
-0.531302
1.389958
0.077357
-0.025060
0.088354
-0.037426
0.094701
-0.060084
0.363641
-0.038243
0.064163
-0.203081
0.139295
0.099449
0.195956
-0.151650
0.413278
-0.091815
0.071385
0.278232
0.083886
-0.033671
0.087863
-0.053216
0.116884
-0.030652
0.101127
0.079197
0.229195
-0.124747
0.374998
0.326142
0.470268
0.068997
-0.035369
0.072263
-0.064687
0.087136
-0.055407
0.211498
-0.051107
0.078899
-0.100705
0.066261
-0.067372
0.264036
0.036562
0.524504
0.088928
-0.023215
-0.002977
0.087177
-0.031130
0.101680
0.031896
0.107766
0.009318
0.282256
-0.056695
0.101734
-0.027304
0.125002
0.534401
0.106341
-0.074038
0.086822
-0.041829
-0.098978
0.205868
0.051672
0.090514
0.563429
-0.187860
0.887639
-0.001519
0.075482
-0.039752
0.080106
-0.062235
0.094086
-0.024267
0.102075
1.017592
0.075897
-0.041444
0.106276
-0.038661
0.089837
-0.003555
0.079755
-0.018758
-0.004416
0.547734
0.078208
-0.048804
0.099370
-0.001150
0.089985
-0.041109
0.014826
0.057769
0.090137
0.363695
0.318499
0.129261
0.434067
-0.085996
-0.082921
0.051782
-0.041997
0.033265
-0.020832
0.087299
-0.031091
0.112222
-0.009260
0.091615
-0.034734
0.442657
-0.003355
0.453896
-0.115598
0.863726
0.036442
0.395732
-0.228636
0.184634
0.010056
0.082646
-0.028181
0.096157
-0.046860
0.085328
-0.017013
0.081036
0.074235
0.177645
0.019075
0.223074
0.022567
0.946942
0.168028
0.835262
-0.122991
0.178274
0.068246
0.060039
-0.007100
0.089089
-0.031554
0.098639
-0.026313
0.096446
-0.052852
0.058136
0.246610
0.070248
0.513677
-0.319228
2.213434
0.076407
-0.036055
0.130487
-0.045200
0.076757
-0.032788
0.159936
-0.021507
0.362371
-0.049041
0.036111
-0.015597
0.157900
0.851164
-0.056543
1.422477
-0.419524
1.192690
0.065364
-0.028924
0.119889
-0.033431
0.034214
-0.049997
0.119735
-0.121187
0.106366
-0.178788
0.261416
0.009292
-0.213748
0.631421
0.122490
0.349700
-0.228003
0.914418
-0.014186
0.075606
-0.050350
0.086443
-0.091533
0.106522
0.006672
0.066671
-0.005638
0.088860
-0.020171
0.103154
-0.040844
0.249138
-0.050798
0.269744
-0.043739
3.086522
0.066850
-0.025716
0.098238
-0.024727
0.102502
-0.032135
0.070150
-0.039166
0.140121
0.091159
0.806409
-0.281750
0.389584
-0.300495
0.920476
-0.133954
0.099815
0.051301
0.082754
-0.023084
0.090323
-0.063762
0.123676
-0.084837
0.073051
-0.113004
0.577837
0.048384
-0.025419
0.072583
0.008477
0.074293
-0.054467
0.067782
-0.076422
0.352935
0.064964
0.062453
0.044652
1.111436
-0.240578
0.716128
0.608144
0.193690
-0.039156
0.099425
0.010522
0.055110
-0.034012
0.083967
-0.028710
0.103739
0.007980
-0.014542
0.144681
-0.007930
0.153967
0.534774
-0.599815
1.467831
0.080799
-0.019500
0.104163
-0.021959
0.041312
-0.041084
0.067997
0.168727
0.057064
-0.013642
-0.026941
-0.026749
0.166253
0.456088
0.401345
0.213931
0.030685
-0.088334
0.084276
-0.045280
0.092743
-0.037586
0.064713
-0.051174
0.130598
-0.065307
0.057742
0.009739
0.146902
-0.014998
0.183302
-0.054113
0.757631
0.304625
-0.024171
0.061203
-0.041290
0.116775
-0.064798
0.103820
-0.073470
0.119893
-0.012496
0.722092
-0.457299
0.708605
-0.016021
-0.034765
0.667809
-0.039391
0.123665
-0.028773
0.078544
-0.029110
0.123780
-0.062972
0.752908
-0.232802
0.942116
-0.245462
1.381780
0.079307
-0.021955
0.079512
-0.045296
0.074105
-0.050256
0.076109
-0.101107
0.100881
0.014084
0.493441
-0.096979
0.783125
0.175246
1.970526
-0.608730
2.872850
-0.044832
0.111636
-0.034657
0.121260
-0.025572
0.412437
-0.136616
0.140196
-0.089683
0.451929
-0.134557
0.677903
-0.409259
0.124319
0.099647
0.036256
0.077693
0.094773
-0.026470
0.099479
-0.038817
0.129215
-0.032534
0.087700
-0.059507
0.123502
-0.025357
0.101447
-0.048160
0.771368
-0.364800
0.719350
-0.130471
0.166755
-0.118901
0.080754
-0.023750
0.097483
-0.035575
0.129132
-0.099052
0.458524
-0.160045
0.090692
-0.147563
0.451083
-0.201614
0.814096
-0.631563
0.249397
0.458076
0.031266
1.001146
0.083410
-0.020764
0.073267
-0.006624
0.503703
0.077998
-0.037277
0.097809
-0.015505
0.129722
-0.032911
0.047257
0.220490
0.106421
0.018476
0.603009
-0.040284
1.121464
0.000831
0.772754
0.203998
0.348221
0.088592
-0.035530
0.068935
-0.030121
0.091858
-0.044496
0.112821
-0.005730
0.170528
-0.020291
0.449425
0.001305
0.475839
0.210950
0.387781
0.167109
-0.004139
0.106912
-0.045275
0.074733
-0.027909
0.523498
-0.070160
0.082920
-0.071553
0.241623
-0.141807
0.968415
0.061804
