# data/nnue_loop\it01/positions.csv : sortie brute du réseau pour les 2000 premières lignes
0.027588
-0.073648
0.043152
-0.033362
0.064759
-0.037080
0.178608
-0.102438
0.194375
-0.081015
0.046059
-0.070205
0.084988
-0.072822
0.180212
-0.125057
0.165877
-0.250305
0.441613
-0.270034
0.814769
-0.474138
0.491380
-0.064387
0.055266
-0.025389
0.082925
-0.080618
0.116793
-0.134171
0.532631
-0.199809
0.229072
-0.019160
0.214487
-0.256978
0.342049
-0.347839
0.395903
-0.325742
0.463105
0.089183
-0.066344
0.057021
-0.065864
0.083579
-0.035890
0.475027
-0.123050
0.101548
-0.092822
0.564770
-0.130994
0.356045
-0.253354
0.131875
-0.149266
0.085557
0.152457
0.011608
0.312658
0.046695
-0.057124
0.080730
-0.038604
0.099258
-0.076424
0.140076
-0.144097
0.144994
-0.131602
0.165064
0.315654
-0.031275
0.270754
0.047209
0.537092
0.288817
-0.028056
0.046308
-0.070215
0.068582
-0.074556
0.086261
-0.050541
0.142120
-0.175865
0.316458
-0.271135
2.242087
-0.069481
0.052539
-0.064091
0.081023
-0.068764
0.400786
-0.161215
0.172899
-0.146083
0.292881
-0.246223
-0.015040
-0.085770
0.114964
-0.131569
0.172528
0.289526
0.033220
0.148827
0.057642
-0.062278
0.053550
0.017771
0.054317
-0.099970
0.135427
-0.166624
0.196113
0.004979
0.279333
-0.189933
0.666624
-0.261856
1.143500
0.046783
-0.054438
0.075797
-0.077358
0.194337
-0.083809
0.408339
-0.219838
0.600316
-0.224185
0.235087
-0.052893
0.035258
-0.037280
2.086007
0.051626
-0.048757
0.061456
-0.055553
0.088767
-0.076326
0.192856
-0.124705
0.264792
-0.029279
0.119334
-0.164600
0.149879
-0.169105
1.666977
0.052180
-0.056438
0.063318
-0.103557
0.153262
-0.075600
0.153003
-0.087364
0.166950
-0.130402
0.305493
-0.384134
0.480630
0.139104
1.635982
0.034300
-0.065843
0.061216
-0.059107
0.061793
-0.012231
0.074022
-0.024686
0.063601
0.140793
0.390658
0.048276
-0.065651
0.098336
-0.035423
0.060086
-0.041454
0.092943
-0.010240
0.062909
-0.043836
0.028306
-0.083661
0.101971
1.230734
-0.011463
0.156837
-0.031818
-0.011503
0.042706
-0.064371
0.067295
-0.076251
0.080558
-0.137936
0.165687
-0.288244
0.819791
-0.185437
0.572864
0.039220
-0.057243
0.091781
-0.096819
0.310443
-0.098964
0.538141
-0.128572
0.350736
-0.092710
0.030712
0.021230
-0.007205
0.027673
0.227716
0.064480
0.187296
-0.031169
0.045638
-0.065520
0.091705
-0.046313
0.310483
-0.065930
0.078063
-0.118036
0.090578
-0.046839
0.108008
-0.243239
0.141110
-0.326689
0.306479
-0.006339
0.243903
0.007235
0.042494
-0.055669
0.091742
-0.020558
0.083728
-0.061654
0.100221
-0.101145
0.179276
-0.215463
0.021214
0.073080
0.757762
0.047375
-0.059340
0.088284
-0.098674
0.132045
-0.036466
0.061247
-0.132711
0.211582
-0.237944
0.527194
-0.338886
0.432015
-0.153488
0.447981
-0.256293
0.310908
0.030915
0.061867
-0.041965
0.079021
-0.058979
0.076547
-0.081978
0.085374
-0.073115
0.174590
0.048162
0.078199
0.009664
-0.082248
0.009470
0.207041
-0.214835
0.033382
-0.069918
0.049873
-0.052641
0.098094
-0.076911
0.411051
-0.021979
0.447163
0.048030
-0.069840
0.083304
-0.073180
0.085912
0.074390
0.057179
-0.074587
0.106818
-0.206157
0.360902
-0.139865
0.282564
-0.294877
0.766652
-0.262304
1.486680
-0.056296
0.058610
-0.043275
0.036460
-0.030767
0.109353
-0.102915
0.157151
-0.042621
0.187166
-0.078856
0.401040
-0.309939
0.358353
-0.030658
0.129480
0.025787
0.044336
-0.071338
0.079131
-0.074672
0.057282
-0.035591
0.092541
-0.116021
0.178160
-0.133738
0.487890
-0.075983
-0.113556
0.128160
-0.068343
0.211045
0.609557
-0.016736
0.045874
-0.064637
0.061187
-0.046236
0.068530
-0.053327
0.057130
-0.020457
-0.054102
-0.014606
-0.191684
1.246048
0.053583
-0.055296
0.046589
-0.051967
0.091115
-0.131351
0.222142
-0.131946
0.159771
-0.176281
0.291267
-0.169623
0.119490
0.093749
-0.188165
0.747097
-0.212161
0.198782
0.057489
-0.073640
0.076732
-0.086405
0.146352
-0.106228
0.122282
-0.089147
0.188817
-0.177521
0.098318
-0.193701
0.209855
0.427945
0.040703
-0.055809
0.052018
-0.069455
0.107418
-0.148299
0.149550
-0.078271
0.146926
-0.028531
0.135246
-0.015137
0.093901
0.099474
0.087542
0.235705
0.039362
0.206574
0.044611
-0.063039
0.070236
-0.047407
0.295073
-0.109060
0.157401
-0.111149
0.107611
-0.070909
0.304151
1.476768
0.038812
-0.058765
0.064245
-0.048190
0.129334
-0.086469
0.182903
-0.051485
0.102309
-0.102455
0.681043
0.041571
-0.069774
0.111117
-0.093073
0.141321
-0.127757
0.177136
-0.130967
0.215276
-0.120323
0.695996
-0.258955
0.229284
-0.115629
0.216349
-0.024013
0.384880
0.050878
-0.068893
0.084507
-0.067998
0.070629
-0.083101
0.622905
-0.143012
0.047143
-0.057859
0.237744
-0.277774
0.113107
-0.193482
0.395116
-0.036771
-0.013626
0.261655
0.043310
-0.059442
0.060771
-0.031764
0.032388
0.261469
0.044320
-0.002106
0.034591
0.053242
0.020273
0.057284
0.308562
0.049639
-0.051550
0.037652
-0.066201
0.099867
-0.063976
0.149527
-0.074647
0.067607
-0.072244
0.065353
-0.030612
0.055332
0.143173
0.178142
0.149153
0.018064
-0.039837
0.057477
-0.058061
0.093505
-0.043459
0.069150
-0.077069
0.127685
-0.098472
0.103712
-0.111690
1.008350
0.040625
-0.053331
0.062781
-0.087611
0.079758
-0.083312
0.096456
-0.062063
0.182661
-0.166731
0.133222
-0.155480
0.009015
-0.048363
0.058005
0.131780
0.281108
-0.063174
0.037814
-0.064637
0.049331
-0.049333
0.076857
-0.124275
0.118616
-0.093526
0.022211
0.007908
-0.038123
0.332675
0.053883
-0.063818
0.076987
-0.025030
0.354673
0.047310
-0.074475
0.097113
-0.114964
0.465779
-0.166422
0.206961
-0.364615
0.433642
-0.347742
0.239270
-0.094461
0.496964
0.103225
0.334261
0.087918
0.037396
-0.012120
0.048542
-0.056742
0.047961
-0.099984
0.076583
-0.025013
0.068055
0.126626
0.083821
-0.075229
0.303993
-0.064325
0.309826
-0.052967
0.101968
-0.159442
0.418888
-0.018534
0.038310
-0.065468
0.087417
-0.054571
0.457060
-0.101487
0.149854
-0.041699
0.137447
-0.127917
0.071916
0.252430
0.592220
0.494043
0.025422
-0.034017
0.052256
-0.049315
0.101808
-0.034123
0.054368
-0.195284
0.143702
-0.201018
0.287884
-0.028592
-0.058675
0.204747
0.106744
0.065490
0.056528
-0.053452
0.096841
-0.099435
0.128952
-0.100217
0.096805
-0.074560
0.167617
-0.123581
0.205587
-0.082599
0.131805
-0.216749
0.307487
-0.134301
-0.001194
0.047187
-0.051844
0.094344
-0.072618
0.074185
-0.082393
0.187816
0.871566
0.038253
-0.056387
0.082645
-0.049813
0.145038
-0.020066
0.369479
-0.048054
0.072808
-0.067888
0.218567
0.029057
0.227383
-0.146996
0.404265
-0.165170
0.241760
-0.192130
0.105905
-0.405207
0.667154
-0.626951
0.487461
-0.487057
0.044574
-0.055340
0.138084
-0.093668
0.107501
-0.059304
0.118286
-0.051696
0.128695
-0.230386
0.103593
-0.184121
0.199763
-0.620308
0.505424
-0.122561
0.027611
-0.095230
0.044329
-0.065748
0.091432
-0.064350
0.110762
-0.038869
0.181712
-0.105078
0.231652
-0.120718
0.225081
-0.149705
0.018804
-0.136243
0.198719
-0.049411
0.249801
-0.007773
0.044883
-0.061734
0.127613
-0.057753
0.081834
-0.076226
0.134154
-0.167693
0.124346
-0.095522
0.259568
0.221378
0.669938
-0.300941
-0.073454
0.097222
0.042708
0.007354
0.046252
-0.047727
0.094089
-0.092600
0.089231
-0.072002
0.164812
-0.085309
0.147059
0.359688
0.444133
0.047705
-0.056089
0.075476
-0.053624
0.059954
0.049757
0.039379
0.028953
0.089337
-0.136807
0.650630
-0.574030
1.208319
0.055823
-0.043283
0.106743
-0.060095
0.136423
-0.085077
0.163629
-0.088538
0.165153
-0.208692
0.737390
-0.326718
0.715840
-0.694011
0.534192
-0.002173
0.023901
0.105842
0.045648
-0.057060
0.079024
-0.061961
0.077752
-0.041671
0.174711
-0.003878
0.103063
-0.085036
0.251764
-0.246386
0.551703
-0.110569
0.359863
0.213823
0.150664
-0.006881
-0.075184
0.094828
-0.087055
0.142729
-0.079296
0.084081
0.901540
-0.073412
0.067942
-0.040826
0.131534
-0.051198
0.205398
-0.182577
0.379847
-0.178085
0.833225
-0.580070
-0.006162
0.052969
-0.049609
0.075307
-0.075583
0.087984
-0.085344
0.203671
-0.173967
0.151318
-0.322134
0.180823
-0.077005
-0.028626
0.308436
0.096701
0.274176
0.046831
-0.044223
0.059998
-0.057609
0.061764
-0.069289
0.079894
-0.090589
0.121510
-0.037916
0.124690
0.030083
0.266976
-0.181032
0.325293
-0.104128
0.219658
0.501949
0.022363
0.346948
-0.056310
0.081678
-0.079122
0.056991
-0.051293
0.131257
-0.039386
0.300187
-0.193542
0.711305
-0.479838
0.361967
0.196333
0.044630
0.198386
-0.078531
0.072781
0.040897
-0.073838
0.093414
-0.077721
0.105692
-0.071137
0.086376
-0.006859
0.015553
0.357546
0.159870
0.085896
0.783279
0.231235
-0.133586
-0.025461
0.073666
0.014896
0.050426
-0.075443
0.065510
-0.079335
0.072729
-0.085426
0.162847
-0.136409
0.222152
-0.350114
0.105058
0.023922
0.004886
0.172872
0.374253
1.257702
0.057098
-0.068456
0.057681
-0.090842
0.107142
-0.052510
0.203566
-0.172480
0.179356
0.433928
0.033694
-0.052479
0.072019
-0.086055
0.080120
-0.108520
0.137771
-0.093752
0.224010
-0.251891
1.282922
0.046588
-0.040157
0.082703
-0.063871
0.053863
-0.076950
0.087370
-0.007138
0.116123
0.032014
0.110517
-0.007845
0.488232
-0.156053
0.628781
-0.250217
0.353702
-0.270316
0.052227
-0.063823
0.064258
-0.068672
0.129115
-0.119654
0.217773
-0.095190
0.141228
-0.181026
0.209464
0.141730
0.091966
0.018897
0.062445
0.036535
-0.055727
-0.009025
0.040910
-0.051683
0.054470
-0.050352
0.144838
-0.043705
0.164420
-0.124221
0.182909
-0.244042
0.638237
-0.236040
0.490984
-0.307725
0.619372
-0.006727
0.033952
-0.027343
0.042697
-0.050595
0.058881
-0.077410
0.092229
-0.094520
0.112887
-0.043887
0.237988
0.187034
-0.087965
0.201948
0.074339
-0.112170
0.266748
0.036213
0.860299
0.051863
-0.066947
0.073047
-0.079852
0.073436
-0.095027
0.067046
-0.105563
0.175108
0.216232
0.052962
0.233656
-0.188274
0.283960
-0.154831
0.109741
0.024697
0.107287
0.050668
-0.062555
0.081705
-0.073000
0.097598
0.198949
0.085037
-0.066623
0.436045
-0.240762
0.431595
-0.390592
0.544149
-0.249980
0.086714
0.408149
0.008933
0.018227
-0.062376
0.078041
-0.101206
0.119278
-0.034157
0.128311
-0.155785
0.303857
-0.133860
0.429119
-0.276926
0.398487
-0.372271
0.309149
-0.238371
0.035130
1.555507
0.039757
-0.070977
0.088682
-0.076754
0.127490
-0.072018
0.090931
-0.103739
0.137198
-0.087545
0.230446
-0.016643
0.249011
-0.116501
0.362383
-0.213519
0.537578
-0.073904
-0.076778
0.084603
-0.061699
0.065286
-0.071948
0.172012
-0.066463
0.433237
-0.224913
0.206619
-0.302133
0.711086
-0.102154
0.093941
-0.060213
0.100775
0.010028
0.047005
-0.089166
0.072662
-0.105114
0.241762
-0.111204
0.121570
-0.066007
0.122999
0.017242
0.083615
-0.092631
0.248895
-0.004961
0.201028
0.171786
0.097408
-0.016554
-0.068706
0.067855
-0.035028
0.091476
-0.119561
0.134484
-0.025691
0.149685
-0.106204
0.386232
-0.130435
0.499918
-0.144014
0.378098
-0.138660
0.323201
0.023512
-0.071664
0.070124
-0.086288
0.103154
-0.088852
0.549780
0.044012
-0.068654
0.053594
-0.078572
0.065172
-0.033974
0.088424
0.004349
0.117219
-0.098954
0.129182
0.015835
0.133343
-0.107966
0.318672
-0.152354
-0.061599
-0.006431
-0.062122
0.059140
-0.048194
0.132564
-0.077228
0.100826
-0.018779
0.065433
0.252101
-0.094753
0.097928
0.121756
-0.036075
0.342560
-0.044709
0.040315
-0.015200
0.075989
-0.060431
0.093803
-0.079778
0.092157
-0.104648
0.183323
-0.144944
0.427793
-0.040682
0.782356
-0.076049
0.406784
0.110513
0.077064
0.454879
0.032096
-0.046204
0.067376
-0.053653
0.469115
-0.021793
0.352747
-0.056543
0.046944
-0.055472
0.109346
-0.094913
0.234918
-0.162041
0.296199
-0.166688
0.263199
-0.320086
0.183638
-0.189839
1.208886
0.045195
-0.062634
0.109429
-0.079921
0.456370
-0.046346
0.678851
0.040494
-0.079191
0.077615
-0.127102
0.109702
-0.130074
0.134494
-0.088579
0.166191
-0.114531
0.131342
-0.243609
0.452862
-0.214309
0.617504
-0.147073
0.275336
0.060520
0.051342
-0.067994
0.070672
-0.050057
0.153271
-0.067036
0.202522
-0.097291
0.228452
-0.184533
0.174011
-0.051853
0.459402
-0.588984
1.091536
-0.115414
0.482888
-0.198005
0.042944
-0.065277
0.090391
-0.102450
0.193486
-0.155994
0.259058
-0.122216
0.233150
0.527079
0.483021
0.053473
-0.060959
0.077732
-0.087037
0.130259
-0.100761
0.453519
-0.150647
0.151740
0.013035
0.199959
-0.201257
0.680080
-0.467199
0.891967
-0.180467
0.152239
-0.039688
0.082181
-0.058677
0.114142
-0.107700
0.120537
-0.161568
0.815691
0.045431
-0.061175
0.066798
-0.073751
0.112147
-0.013951
0.063573
0.010572
-0.052876
0.991411
-0.052605
0.064050
-0.044602
0.083424
-0.009180
0.202412
-0.059908
0.069603
0.112216
-0.206619
0.594867
-0.176476
0.276782
-0.059649
0.087427
0.018375
0.026210
0.054721
-0.066537
0.106585
-0.075894
0.345174
-0.096903
0.131760
-0.203993
0.252969
-0.186910
0.354761
-0.138764
0.051061
-0.062139
0.061278
0.017577
0.076975
0.009319
0.037666
0.061371
0.052162
-0.016900
0.155792
-0.378109
0.286395
-0.576730
1.140039
-0.397494
-0.039649
0.023533
0.047112
-0.038628
0.040838
-0.044839
0.064682
-0.043723
0.135627
-0.109966
0.162590
-0.081770
0.560369
0.057303
0.234043
-0.082283
0.007951
0.350325
0.009029
0.022373
0.049539
-0.051119
0.100840
-0.052199
0.298979
-0.000398
0.082621
-0.015705
0.027863
0.005818
0.153215
0.002146
-0.049224
0.097247
0.057326
0.184941
-0.054160
0.202415
-0.063074
0.048539
-0.051335
0.071211
-0.060326
0.154005
-0.073300
0.118667
-0.013580
0.206315
-0.038875
0.300987
-0.176147
0.378338
-0.069622
0.144366
0.012619
0.044155
-0.042921
0.080077
-0.057782
0.105684
-0.066007
0.106027
0.049801
0.078963
-0.097166
-0.035396
0.050695
-0.037470
0.008096
-0.112657
0.117633
-0.082133
0.098282
-0.050753
0.086196
-0.061802
0.064968
-0.019209
0.082421
-0.035578
0.160064
-0.080970
0.121579
0.174108
0.265837
0.148766
0.252585
0.041003
0.507639
0.003746
-0.053857
0.059577
-0.068383
0.091796
-0.125662
0.433328
-0.073693
0.120745
-0.124851
0.598079
0.049358
-0.079103
0.114432
-0.057638
0.067780
-0.016796
0.147954
-0.030130
0.104002
0.031951
-0.044857
-0.055148
-0.016185
0.296396
0.836054
-0.284788
0.336066
0.313384
-0.065974
0.103249
-0.081414
0.085860
-0.055530
0.045465
-0.032187
-0.053658
0.005702
0.241120
-0.100245
0.217443
-0.225771
0.267060
-0.080424
0.208685
-0.052644
0.042129
-0.052679
0.077678
0.031866
0.365000
0.120476
0.054072
-0.048005
0.051866
-0.051277
0.048961
-0.054052
0.082365
-0.060514
0.144222
-0.158191
0.006078
0.140040
0.184513
0.089440
0.205675
0.072778
0.204700
-0.025910
0.051826
-0.062138
0.112244
-0.110206
0.211177
-0.157227
0.258065
-0.208768
0.225925
-0.086142
0.148680
-0.091607
0.161446
-0.012966
0.131224
0.163498
-0.045858
0.413206
-0.039747
0.061767
-0.049623
0.112552
-0.047152
0.077800
0.458101
-0.051553
0.207810
-0.247835
0.212896
-0.266816
0.488508
-0.116946
0.078081
0.321646
-0.006125
0.040091
-0.059212
0.072316
-0.057592
0.090370
0.000124
0.093090
-0.115054
0.121148
-0.170313
0.080807
-0.042877
0.020216
-0.124523
0.216194
-0.038175
0.285808
-0.050330
0.053222
-0.066987
0.104372
-0.079124
0.102596
-0.044892
0.135597
-0.114934
0.081497
-0.072101
0.234312
-0.023350
0.089793
-0.286550
0.021399
0.090755
-0.026584
-0.072218
-0.056065
0.055907
-0.061901
0.107104
-0.082770
0.125156
-0.114219
0.185643
-0.228688
0.163277
-0.038848
0.150243
-0.255139
0.338384
-0.173411
0.073693
0.411480
0.044933
-0.045509
0.086345
-0.079496
0.125178
-0.089270
0.430851
-0.036065
0.032121
0.351371
0.186496
-0.197452
0.062307
0.147805
0.007535
0.599163
-0.136273
0.600511
0.054009
-0.073861
0.109327
-0.082914
0.090634
-0.059932
0.129645
-0.089782
0.159618
-0.182735
0.559474
-0.336685
0.769804
-0.465741
0.587535
-0.051260
0.084016
-0.060704
0.072581
-0.069989
0.169989
-0.085674
0.153639
-0.177756
0.107063
-0.272716
0.263511
0.204638
0.084505
0.474505
-0.036281
0.064527
-0.040139
0.084551
-0.086520
0.160968
0.031455
0.151507
0.042169
0.086199
0.222984
-0.058064
0.264274
-0.051097
0.145965
0.116520
0.012270
0.037430
-0.064889
0.062625
-0.079493
0.079378
-0.043876
0.145225
-0.070320
0.148770
-0.080105
0.192827
-0.013715
0.020746
0.118873
-0.064337
0.269646
1.562453
-0.056478
0.065313
-0.062616
0.078550
-0.089856
0.147578
-0.128132
0.253736
-0.080419
-0.011330
0.341746
-0.186193
0.476631
0.187421
0.202065
0.017324
0.202219
0.045219
-0.058046
0.124847
-0.083698
0.206117
-0.058378
0.429056
-0.067369
0.119342
-0.043612
0.057704
-0.071530
0.097961
-0.054411
0.117193
-0.096601
0.187690
-0.043083
0.485228
-0.231662
0.223104
0.115412
0.047449
-0.057206
0.034539
-0.062489
0.109808
-0.091780
0.099023
-0.129946
0.122251
-0.105835
0.064212
-0.036607
-0.028790
0.502961
-0.350322
0.693715
-0.223731
0.587822
-0.222402
0.601140
-0.060549
0.118308
-0.085824
0.103677
-0.049176
0.099666
-0.084775
0.132501
-0.084441
0.217214
-0.015868
0.260435
0.008210
0.135883
0.286030
0.438302
-0.039454
0.080172
-0.057363
0.110904
-0.044268
0.162409
-0.257841
0.281910
-0.313162
0.442980
-0.323269
0.223631
-0.095572
0.226662
0.133422
-0.006203
0.165860
0.038699
-0.057450
0.067748
-0.085625
0.140256
-0.109937
0.107635
-0.170770
0.237126
-0.100002
0.220317
-0.005467
0.207411
0.003816
-0.154244
0.115632
0.107374
0.054963
-0.051200
0.077946
-0.072552
0.127895
-0.118142
0.147011
-0.135215
0.216505
-0.353908
0.459473
-0.554964
0.962298
-0.574174
0.905186
-0.395950
1.670518
-0.081221
0.072024
-0.043995
0.093432
-0.056427
0.089047
-0.076223
0.080567
-0.084502
0.235942
-0.116005
-0.030508
1.054768
0.047774
-0.050896
0.062674
-0.044518
0.066767
-0.044202
0.049048
-0.095945
0.160942
-0.156760
0.260580
-0.266665
0.756965
-0.467200
1.396939
0.050313
-0.065534
0.062676
-0.085312
0.118611
-0.130367
0.206528
-0.031309
0.133001
-0.211296
0.086134
-0.078428
0.567467
-0.023871
-0.137521
0.157278
-0.066890
0.133357
-0.054789
0.093175
-0.070475
0.097646
-0.049125
0.193351
-0.124374
0.161309
-0.075542
0.218866
-0.173641
0.284537
0.170720
0.239969
-0.100040
0.208941
-0.049312
-0.054553
0.079920
-0.056842
0.061742
-0.030827
0.075845
-0.063457
0.063554
-0.170057
0.196034
-0.122560
0.074971
0.903636
-0.053983
0.059176
-0.083982
0.105387
-0.088431
0.119110
-0.076524
0.209721
-0.176338
0.337371
0.105759
0.329552
0.451169
-0.304953
0.842362
0.000491
0.016731
0.044081
-0.053948
0.079559
-0.072608
0.088333
-0.061569
0.109975
0.019416
0.201253
-0.182206
0.181918
0.653179
0.544380
0.042590
-0.071491
0.073149
-0.101655
0.149622
-0.085564
0.128965
-0.101741
0.181973
-0.229277
0.237145
-0.107826
0.101246
-0.097927
0.013083
0.497748
-0.037190
0.018595
0.040440
-0.066727
0.080022
-0.092530
0.112436
-0.095021
0.180114
-0.111115
0.224634
-0.043367
0.133579
0.073451
0.030366
0.167422
0.151145
0.294775
-0.103014
-0.005662
-0.058383
0.094070
-0.045196
0.087733
-0.075706
0.152123
0.013825
0.057603
-0.162773
0.257042
-0.295527
0.647108
-0.470998
0.456967
-0.052519
0.068214
-0.087535
0.188033
-0.088727
0.090338
-0.134318
0.238023
-0.235362
0.122238
0.019145
-0.056812
0.329618
-0.001649
0.216491
-0.022897
-0.023826
-0.056960
0.067676
-0.066766
0.107104
-0.080953
0.134441
-0.019242
0.012051
0.027734
0.066075
-0.316885
0.422197
-0.505652
0.185197
0.272572
0.303172
-0.095229
0.062278
-0.063038
0.115276
-0.094515
0.056133
-0.053593
0.135858
-0.134194
0.195712
-0.176911
0.321884
-0.409216
0.161716
-0.275391
0.191684
0.224000
0.023540
0.208287
-0.058314
0.110551
-0.094148
0.286855
-0.123462
0.959022
-0.063628
0.072112
-0.064806
0.101849
-0.046614
0.107422
-0.113491
0.062273
0.022291
-0.019147
0.028298
0.036168
-0.326548
0.268344
0.052774
-0.042236
0.086645
-0.061320
0.125543
